1 150.000000 0.000000
2 150.000000 100.000000
3 0.000000 100.000000
4 0.000000 0.000000
5 200.000000 100.000000
6 200.000000 0.000000
7 350.000000 0.000000
8 350.000000 100.000000
9 173.750000 0.000000
10 173.750000 20.000000
11 176.250000 20.000000
12 176.250000 0.000000
13 150.000000 2.000000
14 150.000000 4.000000
15 150.000000 6.000000
16 150.000000 8.000000
17 150.000000 10.000000
18 150.000000 12.000000
19 150.000000 14.000000
20 150.000000 16.000000
21 150.000000 18.000000
22 150.000000 20.000000
23 150.000000 22.000000
24 150.000000 24.000000
25 150.000000 26.000000
26 150.000000 28.000000
27 150.000000 30.000000
28 150.000000 32.000000
29 150.000000 34.000000
30 150.000000 36.000000
31 150.000000 38.000000
32 150.000000 40.000000
33 150.000000 42.000000
34 150.000000 44.000000
35 150.000000 46.000000
36 150.000000 48.000000
37 150.000000 50.000000
38 150.000000 52.000000
39 150.000000 54.000000
40 150.000000 56.000000
41 150.000000 58.000000
42 150.000000 60.000000
43 150.000000 62.000000
44 150.000000 64.000000
45 150.000000 66.000000
46 150.000000 68.000000
47 150.000000 70.000000
48 150.000000 72.000000
49 150.000000 74.000000
50 150.000000 76.000000
51 150.000000 78.000000
52 150.000000 80.000000
53 150.000000 82.000000
54 150.000000 84.000000
55 150.000000 86.000000
56 150.000000 88.000000
57 150.000000 90.000000
58 150.000000 92.000000
59 150.000000 94.000000
60 150.000000 96.000000
61 150.000000 98.000000
62 140.000000 100.000000
63 130.000000 100.000000
64 120.000000 100.000000
65 110.000000 100.000000
66 100.000000 100.000000
67 90.000000 100.000000
68 80.000000 100.000000
69 70.000000 100.000000
70 60.000000 100.000000
71 50.000000 100.000000
72 40.000000 100.000000
73 30.000000 100.000000
74 20.000000 100.000000
75 10.000000 100.000000
76 0.000000 98.000000
77 0.000000 96.000000
78 0.000000 94.000000
79 0.000000 92.000000
80 0.000000 90.000000
81 0.000000 88.000000
82 0.000000 86.000000
83 0.000000 84.000000
84 0.000000 82.000000
85 0.000000 80.000000
86 0.000000 78.000000
87 0.000000 76.000000
88 0.000000 74.000000
89 0.000000 72.000000
90 0.000000 70.000000
91 0.000000 68.000000
92 0.000000 66.000000
93 0.000000 64.000000
94 0.000000 62.000000
95 0.000000 60.000000
96 0.000000 58.000000
97 0.000000 56.000000
98 0.000000 54.000000
99 0.000000 52.000000
100 0.000000 50.000000
101 0.000000 48.000000
102 0.000000 46.000000
103 0.000000 44.000000
104 0.000000 42.000000
105 0.000000 40.000000
106 0.000000 38.000000
107 0.000000 36.000000
108 0.000000 34.000000
109 0.000000 32.000000
110 0.000000 30.000000
111 0.000000 28.000000
112 0.000000 26.000000
113 0.000000 24.000000
114 0.000000 22.000000
115 0.000000 20.000000
116 0.000000 18.000000
117 0.000000 16.000000
118 0.000000 14.000000
119 0.000000 12.000000
120 0.000000 10.000000
121 0.000000 8.000000
122 0.000000 6.000000
123 0.000000 4.000000
124 0.000000 2.000000
125 10.000000 0.000000
126 20.000000 0.000000
127 30.000000 0.000000
128 40.000000 0.000000
129 50.000000 0.000000
130 60.000000 0.000000
131 70.000000 0.000000
132 80.000000 0.000000
133 90.000000 0.000000
134 100.000000 0.000000
135 110.000000 0.000000
136 120.000000 0.000000
137 130.000000 0.000000
138 140.000000 0.000000
139 200.000000 98.000000
140 200.000000 96.000000
141 200.000000 94.000000
142 200.000000 92.000000
143 200.000000 90.000000
144 200.000000 88.000000
145 200.000000 86.000000
146 200.000000 84.000000
147 200.000000 82.000000
148 200.000000 80.000000
149 200.000000 78.000000
150 200.000000 76.000000
151 200.000000 74.000000
152 200.000000 72.000000
153 200.000000 70.000000
154 200.000000 68.000000
155 200.000000 66.000000
156 200.000000 64.000000
157 200.000000 62.000000
158 200.000000 60.000000
159 200.000000 58.000000
160 200.000000 56.000000
161 200.000000 54.000000
162 200.000000 52.000000
163 200.000000 50.000000
164 200.000000 48.000000
165 200.000000 46.000000
166 200.000000 44.000000
167 200.000000 42.000000
168 200.000000 40.000000
169 200.000000 38.000000
170 200.000000 36.000000
171 200.000000 34.000000
172 200.000000 32.000000
173 200.000000 30.000000
174 200.000000 28.000000
175 200.000000 26.000000
176 200.000000 24.000000
177 200.000000 22.000000
178 200.000000 20.000000
179 200.000000 18.000000
180 200.000000 16.000000
181 200.000000 14.000000
182 200.000000 12.000000
183 200.000000 10.000000
184 200.000000 8.000000
185 200.000000 6.000000
186 200.000000 4.000000
187 200.000000 2.000000
188 210.000000 0.000000
189 220.000000 0.000000
190 230.000000 0.000000
191 240.000000 0.000000
192 250.000000 0.000000
193 260.000000 0.000000
194 270.000000 0.000000
195 280.000000 0.000000
196 290.000000 0.000000
197 300.000000 0.000000
198 310.000000 0.000000
199 320.000000 0.000000
200 330.000000 0.000000
201 340.000000 0.000000
202 350.000000 2.000000
203 350.000000 4.000000
204 350.000000 6.000000
205 350.000000 8.000000
206 350.000000 10.000000
207 350.000000 12.000000
208 350.000000 14.000000
209 350.000000 16.000000
210 350.000000 18.000000
211 350.000000 20.000000
212 350.000000 22.000000
213 350.000000 24.000000
214 350.000000 26.000000
215 350.000000 28.000000
216 350.000000 30.000000
217 350.000000 32.000000
218 350.000000 34.000000
219 350.000000 36.000000
220 350.000000 38.000000
221 350.000000 40.000000
222 350.000000 42.000000
223 350.000000 44.000000
224 350.000000 46.000000
225 350.000000 48.000000
226 350.000000 50.000000
227 350.000000 52.000000
228 350.000000 54.000000
229 350.000000 56.000000
230 350.000000 58.000000
231 350.000000 60.000000
232 350.000000 62.000000
233 350.000000 64.000000
234 350.000000 66.000000
235 350.000000 68.000000
236 350.000000 70.000000
237 350.000000 72.000000
238 350.000000 74.000000
239 350.000000 76.000000
240 350.000000 78.000000
241 350.000000 80.000000
242 350.000000 82.000000
243 350.000000 84.000000
244 350.000000 86.000000
245 350.000000 88.000000
246 350.000000 90.000000
247 350.000000 92.000000
248 350.000000 94.000000
249 350.000000 96.000000
250 350.000000 98.000000
251 340.000000 100.000000
252 330.000000 100.000000
253 320.000000 100.000000
254 310.000000 100.000000
255 300.000000 100.000000
256 290.000000 100.000000
257 280.000000 100.000000
258 270.000000 100.000000
259 260.000000 100.000000
260 250.000000 100.000000
261 240.000000 100.000000
262 230.000000 100.000000
263 220.000000 100.000000
264 210.000000 100.000000
265 198.000000 100.000000
266 196.000000 100.000000
267 194.000000 100.000000
268 192.000000 100.000000
269 190.000000 100.000000
270 188.000000 100.000000
271 186.000000 100.000000
272 184.000000 100.000000
273 182.000000 100.000000
274 180.000000 100.000000
275 178.000000 100.000000
276 176.000000 100.000000
277 174.000000 100.000000
278 172.000000 100.000000
279 170.000000 100.000000
280 168.000000 100.000000
281 166.000000 100.000000
282 164.000000 100.000000
283 162.000000 100.000000
284 160.000000 100.000000
285 158.000000 100.000000
286 156.000000 100.000000
287 154.000000 100.000000
288 152.000000 100.000000
289 151.979172 0.000000
290 153.958328 0.000000
291 155.937500 0.000000
292 157.916672 0.000000
293 159.895828 0.000000
294 161.875000 0.000000
295 163.854172 0.000000
296 165.833328 0.000000
297 167.812500 0.000000
298 169.791672 0.000000
299 171.770828 0.000000
300 173.750000 2.000000
301 173.750000 4.000000
302 173.750000 6.000000
303 173.750000 8.000000
304 173.750000 10.000000
305 173.750000 12.000000
306 173.750000 14.000000
307 173.750000 16.000000
308 173.750000 18.000000
309 176.250000 18.000000
310 176.250000 16.000000
311 176.250000 14.000000
312 176.250000 12.000000
313 176.250000 10.000000
314 176.250000 8.000000
315 176.250000 6.000000
316 176.250000 4.000000
317 176.250000 2.000000
318 178.229172 0.000000
319 180.208328 0.000000
320 182.187500 0.000000
321 184.166672 0.000000
322 186.145828 0.000000
323 188.125000 0.000000
324 190.104172 0.000000
325 192.083328 0.000000
326 194.062500 0.000000
327 196.041672 0.000000
328 198.020828 0.000000
329 140.000000 2.000000
330 140.000000 4.000000
331 140.000000 6.000000
332 140.000000 8.000000
333 140.000000 10.000000
334 140.000000 12.000000
335 140.000000 14.000000
336 140.000000 16.000000
337 140.000000 18.000000
338 140.000000 20.000000
339 140.000000 22.000000
340 140.000000 24.000000
341 140.000000 26.000000
342 140.000000 28.000000
343 140.000000 30.000000
344 140.000000 32.000000
345 140.000000 34.000000
346 140.000000 36.000000
347 140.000000 38.000000
348 140.000000 40.000000
349 140.000000 42.000000
350 140.000000 44.000000
351 140.000000 46.000000
352 140.000000 48.000000
353 140.000000 50.000000
354 140.000000 52.000000
355 140.000000 54.000000
356 140.000000 56.000000
357 140.000000 58.000000
358 140.000000 60.000000
359 140.000000 62.000000
360 140.000000 64.000000
361 140.000000 66.000000
362 140.000000 68.000000
363 140.000000 70.000000
364 140.000000 72.000000
365 140.000000 74.000000
366 140.000000 76.000000
367 140.000000 78.000000
368 140.000000 80.000000
369 140.000000 82.000000
370 140.000000 84.000000
371 140.000000 86.000000
372 140.000000 88.000000
373 140.000000 90.000000
374 140.000000 92.000000
375 140.000000 94.000000
376 140.000000 96.000000
377 140.000000 98.000000
378 130.000000 2.000000
379 130.000000 4.000000
380 130.000000 6.000000
381 130.000000 8.000000
382 130.000000 10.000000
383 130.000000 12.000000
384 130.000000 14.000000
385 130.000000 16.000000
386 130.000000 18.000000
387 130.000000 20.000000
388 130.000000 22.000000
389 130.000000 24.000000
390 130.000000 26.000000
391 130.000000 28.000000
392 130.000000 30.000000
393 130.000000 32.000000
394 130.000000 34.000000
395 130.000000 36.000000
396 130.000000 38.000000
397 130.000000 40.000000
398 130.000000 42.000000
399 130.000000 44.000000
400 130.000000 46.000000
401 130.000000 48.000000
402 130.000000 50.000000
403 130.000000 52.000000
404 130.000000 54.000000
405 130.000000 56.000000
406 130.000000 58.000000
407 130.000000 60.000000
408 130.000000 62.000000
409 130.000000 64.000000
410 130.000000 66.000000
411 130.000000 68.000000
412 130.000000 70.000000
413 130.000000 72.000000
414 130.000000 74.000000
415 130.000000 76.000000
416 130.000000 78.000000
417 130.000000 80.000000
418 130.000000 82.000000
419 130.000000 84.000000
420 130.000000 86.000000
421 130.000000 88.000000
422 130.000000 90.000000
423 130.000000 92.000000
424 130.000000 94.000000
425 130.000000 96.000000
426 130.000000 98.000000
427 120.000000 2.000000
428 120.000000 4.000000
429 120.000000 6.000000
430 120.000000 8.000000
431 120.000000 10.000000
432 120.000000 12.000000
433 120.000000 14.000000
434 120.000000 16.000000
435 120.000000 18.000000
436 120.000000 20.000000
437 120.000000 22.000000
438 120.000000 24.000000
439 120.000000 26.000000
440 120.000000 28.000000
441 120.000000 30.000000
442 120.000000 32.000000
443 120.000000 34.000000
444 120.000000 36.000000
445 120.000000 38.000000
446 120.000000 40.000000
447 120.000000 42.000000
448 120.000000 44.000000
449 120.000000 46.000000
450 120.000000 48.000000
451 120.000000 50.000000
452 120.000000 52.000000
453 120.000000 54.000000
454 120.000000 56.000000
455 120.000000 58.000000
456 120.000000 60.000000
457 120.000000 62.000000
458 120.000000 64.000000
459 120.000000 66.000000
460 120.000000 68.000000
461 120.000000 70.000000
462 120.000000 72.000000
463 120.000000 74.000000
464 120.000000 76.000000
465 120.000000 78.000000
466 120.000000 80.000000
467 120.000000 82.000000
468 120.000000 84.000000
469 120.000000 86.000000
470 120.000000 88.000000
471 120.000000 90.000000
472 120.000000 92.000000
473 120.000000 94.000000
474 120.000000 96.000000
475 120.000000 98.000000
476 110.000000 2.000000
477 110.000000 4.000000
478 110.000000 6.000000
479 110.000000 8.000000
480 110.000000 10.000000
481 110.000000 12.000000
482 110.000000 14.000000
483 110.000000 16.000000
484 110.000000 18.000000
485 110.000000 20.000000
486 110.000000 22.000000
487 110.000000 24.000000
488 110.000000 26.000000
489 110.000000 28.000000
490 110.000000 30.000000
491 110.000000 32.000000
492 110.000000 34.000000
493 110.000000 36.000000
494 110.000000 38.000000
495 110.000000 40.000000
496 110.000000 42.000000
497 110.000000 44.000000
498 110.000000 46.000000
499 110.000000 48.000000
500 110.000000 50.000000
501 110.000000 52.000000
502 110.000000 54.000000
503 110.000000 56.000000
504 110.000000 58.000000
505 110.000000 60.000000
506 110.000000 62.000000
507 110.000000 64.000000
508 110.000000 66.000000
509 110.000000 68.000000
510 110.000000 70.000000
511 110.000000 72.000000
512 110.000000 74.000000
513 110.000000 76.000000
514 110.000000 78.000000
515 110.000000 80.000000
516 110.000000 82.000000
517 110.000000 84.000000
518 110.000000 86.000000
519 110.000000 88.000000
520 110.000000 90.000000
521 110.000000 92.000000
522 110.000000 94.000000
523 110.000000 96.000000
524 110.000000 98.000000
525 100.000000 2.000000
526 100.000000 4.000000
527 100.000000 6.000000
528 100.000000 8.000000
529 100.000000 10.000000
530 100.000000 12.000000
531 100.000000 14.000000
532 100.000000 16.000000
533 100.000000 18.000000
534 100.000000 20.000000
535 100.000000 22.000000
536 100.000000 24.000000
537 100.000000 26.000000
538 100.000000 28.000000
539 100.000000 30.000000
540 100.000000 32.000000
541 100.000000 34.000000
542 100.000000 36.000000
543 100.000000 38.000000
544 100.000000 40.000000
545 100.000000 42.000000
546 100.000000 44.000000
547 100.000000 46.000000
548 100.000000 48.000000
549 100.000000 50.000000
550 100.000000 52.000000
551 100.000000 54.000000
552 100.000000 56.000000
553 100.000000 58.000000
554 100.000000 60.000000
555 100.000000 62.000000
556 100.000000 64.000000
557 100.000000 66.000000
558 100.000000 68.000000
559 100.000000 70.000000
560 100.000000 72.000000
561 100.000000 74.000000
562 100.000000 76.000000
563 100.000000 78.000000
564 100.000000 80.000000
565 100.000000 82.000000
566 100.000000 84.000000
567 100.000000 86.000000
568 100.000000 88.000000
569 100.000000 90.000000
570 100.000000 92.000000
571 100.000000 94.000000
572 100.000000 96.000000
573 100.000000 98.000000
574 90.000000 2.000000
575 90.000000 4.000000
576 90.000000 6.000000
577 90.000000 8.000000
578 90.000000 10.000000
579 90.000000 12.000000
580 90.000000 14.000000
581 90.000000 16.000000
582 90.000000 18.000000
583 90.000000 20.000000
584 90.000000 22.000000
585 90.000000 24.000000
586 90.000000 26.000000
587 90.000000 28.000000
588 90.000000 30.000000
589 90.000000 32.000000
590 90.000000 34.000000
591 90.000000 36.000000
592 90.000000 38.000000
593 90.000000 40.000000
594 90.000000 42.000000
595 90.000000 44.000000
596 90.000000 46.000000
597 90.000000 48.000000
598 90.000000 50.000000
599 90.000000 52.000000
600 90.000000 54.000000
601 90.000000 56.000000
602 90.000000 58.000000
603 90.000000 60.000000
604 90.000000 62.000000
605 90.000000 64.000000
606 90.000000 66.000000
607 90.000000 68.000000
608 90.000000 70.000000
609 90.000000 72.000000
610 90.000000 74.000000
611 90.000000 76.000000
612 90.000000 78.000000
613 90.000000 80.000000
614 90.000000 82.000000
615 90.000000 84.000000
616 90.000000 86.000000
617 90.000000 88.000000
618 90.000000 90.000000
619 90.000000 92.000000
620 90.000000 94.000000
621 90.000000 96.000000
622 90.000000 98.000000
623 80.000000 2.000000
624 80.000000 4.000000
625 80.000000 6.000000
626 80.000000 8.000000
627 80.000000 10.000000
628 80.000000 12.000000
629 80.000000 14.000000
630 80.000000 16.000000
631 80.000000 18.000000
632 80.000000 20.000000
633 80.000000 22.000000
634 80.000000 24.000000
635 80.000000 26.000000
636 80.000000 28.000000
637 80.000000 30.000000
638 80.000000 32.000000
639 80.000000 34.000000
640 80.000000 36.000000
641 80.000000 38.000000
642 80.000000 40.000000
643 80.000000 42.000000
644 80.000000 44.000000
645 80.000000 46.000000
646 80.000000 48.000000
647 80.000000 50.000000
648 80.000000 52.000000
649 80.000000 54.000000
650 80.000000 56.000000
651 80.000000 58.000000
652 80.000000 60.000000
653 80.000000 62.000000
654 80.000000 64.000000
655 80.000000 66.000000
656 80.000000 68.000000
657 80.000000 70.000000
658 80.000000 72.000000
659 80.000000 74.000000
660 80.000000 76.000000
661 80.000000 78.000000
662 80.000000 80.000000
663 80.000000 82.000000
664 80.000000 84.000000
665 80.000000 86.000000
666 80.000000 88.000000
667 80.000000 90.000000
668 80.000000 92.000000
669 80.000000 94.000000
670 80.000000 96.000000
671 80.000000 98.000000
672 70.000000 2.000000
673 70.000000 4.000000
674 70.000000 6.000000
675 70.000000 8.000000
676 70.000000 10.000000
677 70.000000 12.000000
678 70.000000 14.000000
679 70.000000 16.000000
680 70.000000 18.000000
681 70.000000 20.000000
682 70.000000 22.000000
683 70.000000 24.000000
684 70.000000 26.000000
685 70.000000 28.000000
686 70.000000 30.000000
687 70.000000 32.000000
688 70.000000 34.000000
689 70.000000 36.000000
690 70.000000 38.000000
691 70.000000 40.000000
692 70.000000 42.000000
693 70.000000 44.000000
694 70.000000 46.000000
695 70.000000 48.000000
696 70.000000 50.000000
697 70.000000 52.000000
698 70.000000 54.000000
699 70.000000 56.000000
700 70.000000 58.000000
701 70.000000 60.000000
702 70.000000 62.000000
703 70.000000 64.000000
704 70.000000 66.000000
705 70.000000 68.000000
706 70.000000 70.000000
707 70.000000 72.000000
708 70.000000 74.000000
709 70.000000 76.000000
710 70.000000 78.000000
711 70.000000 80.000000
712 70.000000 82.000000
713 70.000000 84.000000
714 70.000000 86.000000
715 70.000000 88.000000
716 70.000000 90.000000
717 70.000000 92.000000
718 70.000000 94.000000
719 70.000000 96.000000
720 70.000000 98.000000
721 60.000000 2.000000
722 60.000000 4.000000
723 60.000000 6.000000
724 60.000000 8.000000
725 60.000000 10.000000
726 60.000000 12.000000
727 60.000000 14.000000
728 60.000000 16.000000
729 60.000000 18.000000
730 60.000000 20.000000
731 60.000000 22.000000
732 60.000000 24.000000
733 60.000000 26.000000
734 60.000000 28.000000
735 60.000000 30.000000
736 60.000000 32.000000
737 60.000000 34.000000
738 60.000000 36.000000
739 60.000000 38.000000
740 60.000000 40.000000
741 60.000000 42.000000
742 60.000000 44.000000
743 60.000000 46.000000
744 60.000000 48.000000
745 60.000000 50.000000
746 60.000000 52.000000
747 60.000000 54.000000
748 60.000000 56.000000
749 60.000000 58.000000
750 60.000000 60.000000
751 60.000000 62.000000
752 60.000000 64.000000
753 60.000000 66.000000
754 60.000000 68.000000
755 60.000000 70.000000
756 60.000000 72.000000
757 60.000000 74.000000
758 60.000000 76.000000
759 60.000000 78.000000
760 60.000000 80.000000
761 60.000000 82.000000
762 60.000000 84.000000
763 60.000000 86.000000
764 60.000000 88.000000
765 60.000000 90.000000
766 60.000000 92.000000
767 60.000000 94.000000
768 60.000000 96.000000
769 60.000000 98.000000
770 50.000000 2.000000
771 50.000000 4.000000
772 50.000000 6.000000
773 50.000000 8.000000
774 50.000000 10.000000
775 50.000000 12.000000
776 50.000000 14.000000
777 50.000000 16.000000
778 50.000000 18.000000
779 50.000000 20.000000
780 50.000000 22.000000
781 50.000000 24.000000
782 50.000000 26.000000
783 50.000000 28.000000
784 50.000000 30.000000
785 50.000000 32.000000
786 50.000000 34.000000
787 50.000000 36.000000
788 50.000000 38.000000
789 50.000000 40.000000
790 50.000000 42.000000
791 50.000000 44.000000
792 50.000000 46.000000
793 50.000000 48.000000
794 50.000000 50.000000
795 50.000000 52.000000
796 50.000000 54.000000
797 50.000000 56.000000
798 50.000000 58.000000
799 50.000000 60.000000
800 50.000000 62.000000
801 50.000000 64.000000
802 50.000000 66.000000
803 50.000000 68.000000
804 50.000000 70.000000
805 50.000000 72.000000
806 50.000000 74.000000
807 50.000000 76.000000
808 50.000000 78.000000
809 50.000000 80.000000
810 50.000000 82.000000
811 50.000000 84.000000
812 50.000000 86.000000
813 50.000000 88.000000
814 50.000000 90.000000
815 50.000000 92.000000
816 50.000000 94.000000
817 50.000000 96.000000
818 50.000000 98.000000
819 40.000000 2.000000
820 40.000000 4.000000
821 40.000000 6.000000
822 40.000000 8.000000
823 40.000000 10.000000
824 40.000000 12.000000
825 40.000000 14.000000
826 40.000000 16.000000
827 40.000000 18.000000
828 40.000000 20.000000
829 40.000000 22.000000
830 40.000000 24.000000
831 40.000000 26.000000
832 40.000000 28.000000
833 40.000000 30.000000
834 40.000000 32.000000
835 40.000000 34.000000
836 40.000000 36.000000
837 40.000000 38.000000
838 40.000000 40.000000
839 40.000000 42.000000
840 40.000000 44.000000
841 40.000000 46.000000
842 40.000000 48.000000
843 40.000000 50.000000
844 40.000000 52.000000
845 40.000000 54.000000
846 40.000000 56.000000
847 40.000000 58.000000
848 40.000000 60.000000
849 40.000000 62.000000
850 40.000000 64.000000
851 40.000000 66.000000
852 40.000000 68.000000
853 40.000000 70.000000
854 40.000000 72.000000
855 40.000000 74.000000
856 40.000000 76.000000
857 40.000000 78.000000
858 40.000000 80.000000
859 40.000000 82.000000
860 40.000000 84.000000
861 40.000000 86.000000
862 40.000000 88.000000
863 40.000000 90.000000
864 40.000000 92.000000
865 40.000000 94.000000
866 40.000000 96.000000
867 40.000000 98.000000
868 30.000000 2.000000
869 30.000000 4.000000
870 30.000000 6.000000
871 30.000000 8.000000
872 30.000000 10.000000
873 30.000000 12.000000
874 30.000000 14.000000
875 30.000000 16.000000
876 30.000000 18.000000
877 30.000000 20.000000
878 30.000000 22.000000
879 30.000000 24.000000
880 30.000000 26.000000
881 30.000000 28.000000
882 30.000000 30.000000
883 30.000000 32.000000
884 30.000000 34.000000
885 30.000000 36.000000
886 30.000000 38.000000
887 30.000000 40.000000
888 30.000000 42.000000
889 30.000000 44.000000
890 30.000000 46.000000
891 30.000000 48.000000
892 30.000000 50.000000
893 30.000000 52.000000
894 30.000000 54.000000
895 30.000000 56.000000
896 30.000000 58.000000
897 30.000000 60.000000
898 30.000000 62.000000
899 30.000000 64.000000
900 30.000000 66.000000
901 30.000000 68.000000
902 30.000000 70.000000
903 30.000000 72.000000
904 30.000000 74.000000
905 30.000000 76.000000
906 30.000000 78.000000
907 30.000000 80.000000
908 30.000000 82.000000
909 30.000000 84.000000
910 30.000000 86.000000
911 30.000000 88.000000
912 30.000000 90.000000
913 30.000000 92.000000
914 30.000000 94.000000
915 30.000000 96.000000
916 30.000000 98.000000
917 20.000000 2.000000
918 20.000000 4.000000
919 20.000000 6.000000
920 20.000000 8.000000
921 20.000000 10.000000
922 20.000000 12.000000
923 20.000000 14.000000
924 20.000000 16.000000
925 20.000000 18.000000
926 20.000000 20.000000
927 20.000000 22.000000
928 20.000000 24.000000
929 20.000000 26.000000
930 20.000000 28.000000
931 20.000000 30.000000
932 20.000000 32.000000
933 20.000000 34.000000
934 20.000000 36.000000
935 20.000000 38.000000
936 20.000000 40.000000
937 20.000000 42.000000
938 20.000000 44.000000
939 20.000000 46.000000
940 20.000000 48.000000
941 20.000000 50.000000
942 20.000000 52.000000
943 20.000000 54.000000
944 20.000000 56.000000
945 20.000000 58.000000
946 20.000000 60.000000
947 20.000000 62.000000
948 20.000000 64.000000
949 20.000000 66.000000
950 20.000000 68.000000
951 20.000000 70.000000
952 20.000000 72.000000
953 20.000000 74.000000
954 20.000000 76.000000
955 20.000000 78.000000
956 20.000000 80.000000
957 20.000000 82.000000
958 20.000000 84.000000
959 20.000000 86.000000
960 20.000000 88.000000
961 20.000000 90.000000
962 20.000000 92.000000
963 20.000000 94.000000
964 20.000000 96.000000
965 20.000000 98.000000
966 10.000000 2.000000
967 10.000000 4.000000
968 10.000000 6.000000
969 10.000000 8.000000
970 10.000000 10.000000
971 10.000000 12.000000
972 10.000000 14.000000
973 10.000000 16.000000
974 10.000000 18.000000
975 10.000000 20.000000
976 10.000000 22.000000
977 10.000000 24.000000
978 10.000000 26.000000
979 10.000000 28.000000
980 10.000000 30.000000
981 10.000000 32.000000
982 10.000000 34.000000
983 10.000000 36.000000
984 10.000000 38.000000
985 10.000000 40.000000
986 10.000000 42.000000
987 10.000000 44.000000
988 10.000000 46.000000
989 10.000000 48.000000
990 10.000000 50.000000
991 10.000000 52.000000
992 10.000000 54.000000
993 10.000000 56.000000
994 10.000000 58.000000
995 10.000000 60.000000
996 10.000000 62.000000
997 10.000000 64.000000
998 10.000000 66.000000
999 10.000000 68.000000
1000 10.000000 70.000000
1001 10.000000 72.000000
1002 10.000000 74.000000
1003 10.000000 76.000000
1004 10.000000 78.000000
1005 10.000000 80.000000
1006 10.000000 82.000000
1007 10.000000 84.000000
1008 10.000000 86.000000
1009 10.000000 88.000000
1010 10.000000 90.000000
1011 10.000000 92.000000
1012 10.000000 94.000000
1013 10.000000 96.000000
1014 10.000000 98.000000
1015 210.000000 98.000000
1016 210.000000 96.000000
1017 210.000000 94.000000
1018 210.000000 92.000000
1019 210.000000 90.000000
1020 210.000000 88.000000
1021 210.000000 86.000000
1022 210.000000 84.000000
1023 210.000000 82.000000
1024 210.000000 80.000000
1025 210.000000 78.000000
1026 210.000000 76.000000
1027 210.000000 74.000000
1028 210.000000 72.000000
1029 210.000000 70.000000
1030 210.000000 68.000000
1031 210.000000 66.000000
1032 210.000000 64.000000
1033 210.000000 62.000000
1034 210.000000 60.000000
1035 210.000000 58.000000
1036 210.000000 56.000000
1037 210.000000 54.000000
1038 210.000000 52.000000
1039 210.000000 50.000000
1040 210.000000 48.000000
1041 210.000000 46.000000
1042 210.000000 44.000000
1043 210.000000 42.000000
1044 210.000000 40.000000
1045 210.000000 38.000000
1046 210.000000 36.000000
1047 210.000000 34.000000
1048 210.000000 32.000000
1049 210.000000 30.000000
1050 210.000000 28.000000
1051 210.000000 26.000000
1052 210.000000 24.000000
1053 210.000000 22.000000
1054 210.000000 20.000000
1055 210.000000 18.000000
1056 210.000000 16.000000
1057 210.000000 14.000000
1058 210.000000 12.000000
1059 210.000000 10.000000
1060 210.000000 8.000000
1061 210.000000 6.000000
1062 210.000000 4.000000
1063 210.000000 2.000000
1064 220.000000 98.000000
1065 220.000000 96.000000
1066 220.000000 94.000000
1067 220.000000 92.000000
1068 220.000000 90.000000
1069 220.000000 88.000000
1070 220.000000 86.000000
1071 220.000000 84.000000
1072 220.000000 82.000000
1073 220.000000 80.000000
1074 220.000000 78.000000
1075 220.000000 76.000000
1076 220.000000 74.000000
1077 220.000000 72.000000
1078 220.000000 70.000000
1079 220.000000 68.000000
1080 220.000000 66.000000
1081 220.000000 64.000000
1082 220.000000 62.000000
1083 220.000000 60.000000
1084 220.000000 58.000000
1085 220.000000 56.000000
1086 220.000000 54.000000
1087 220.000000 52.000000
1088 220.000000 50.000000
1089 220.000000 48.000000
1090 220.000000 46.000000
1091 220.000000 44.000000
1092 220.000000 42.000000
1093 220.000000 40.000000
1094 220.000000 38.000000
1095 220.000000 36.000000
1096 220.000000 34.000000
1097 220.000000 32.000000
1098 220.000000 30.000000
1099 220.000000 28.000000
1100 220.000000 26.000000
1101 220.000000 24.000000
1102 220.000000 22.000000
1103 220.000000 20.000000
1104 220.000000 18.000000
1105 220.000000 16.000000
1106 220.000000 14.000000
1107 220.000000 12.000000
1108 220.000000 10.000000
1109 220.000000 8.000000
1110 220.000000 6.000000
1111 220.000000 4.000000
1112 220.000000 2.000000
1113 230.000000 98.000000
1114 230.000000 96.000000
1115 230.000000 94.000000
1116 230.000000 92.000000
1117 230.000000 90.000000
1118 230.000000 88.000000
1119 230.000000 86.000000
1120 230.000000 84.000000
1121 230.000000 82.000000
1122 230.000000 80.000000
1123 230.000000 78.000000
1124 230.000000 76.000000
1125 230.000000 74.000000
1126 230.000000 72.000000
1127 230.000000 70.000000
1128 230.000000 68.000000
1129 230.000000 66.000000
1130 230.000000 64.000000
1131 230.000000 62.000000
1132 230.000000 60.000000
1133 230.000000 58.000000
1134 230.000000 56.000000
1135 230.000000 54.000000
1136 230.000000 52.000000
1137 230.000000 50.000000
1138 230.000000 48.000000
1139 230.000000 46.000000
1140 230.000000 44.000000
1141 230.000000 42.000000
1142 230.000000 40.000000
1143 230.000000 38.000000
1144 230.000000 36.000000
1145 230.000000 34.000000
1146 230.000000 32.000000
1147 230.000000 30.000000
1148 230.000000 28.000000
1149 230.000000 26.000000
1150 230.000000 24.000000
1151 230.000000 22.000000
1152 230.000000 20.000000
1153 230.000000 18.000000
1154 230.000000 16.000000
1155 230.000000 14.000000
1156 230.000000 12.000000
1157 230.000000 10.000000
1158 230.000000 8.000000
1159 230.000000 6.000000
1160 230.000000 4.000000
1161 230.000000 2.000000
1162 240.000000 98.000000
1163 240.000000 96.000000
1164 240.000000 94.000000
1165 240.000000 92.000000
1166 240.000000 90.000000
1167 240.000000 88.000000
1168 240.000000 86.000000
1169 240.000000 84.000000
1170 240.000000 82.000000
1171 240.000000 80.000000
1172 240.000000 78.000000
1173 240.000000 76.000000
1174 240.000000 74.000000
1175 240.000000 72.000000
1176 240.000000 70.000000
1177 240.000000 68.000000
1178 240.000000 66.000000
1179 240.000000 64.000000
1180 240.000000 62.000000
1181 240.000000 60.000000
1182 240.000000 58.000000
1183 240.000000 56.000000
1184 240.000000 54.000000
1185 240.000000 52.000000
1186 240.000000 50.000000
1187 240.000000 48.000000
1188 240.000000 46.000000
1189 240.000000 44.000000
1190 240.000000 42.000000
1191 240.000000 40.000000
1192 240.000000 38.000000
1193 240.000000 36.000000
1194 240.000000 34.000000
1195 240.000000 32.000000
1196 240.000000 30.000000
1197 240.000000 28.000000
1198 240.000000 26.000000
1199 240.000000 24.000000
1200 240.000000 22.000000
1201 240.000000 20.000000
1202 240.000000 18.000000
1203 240.000000 16.000000
1204 240.000000 14.000000
1205 240.000000 12.000000
1206 240.000000 10.000000
1207 240.000000 8.000000
1208 240.000000 6.000000
1209 240.000000 4.000000
1210 240.000000 2.000000
1211 250.000000 98.000000
1212 250.000000 96.000000
1213 250.000000 94.000000
1214 250.000000 92.000000
1215 250.000000 90.000000
1216 250.000000 88.000000
1217 250.000000 86.000000
1218 250.000000 84.000000
1219 250.000000 82.000000
1220 250.000000 80.000000
1221 250.000000 78.000000
1222 250.000000 76.000000
1223 250.000000 74.000000
1224 250.000000 72.000000
1225 250.000000 70.000000
1226 250.000000 68.000000
1227 250.000000 66.000000
1228 250.000000 64.000000
1229 250.000000 62.000000
1230 250.000000 60.000000
1231 250.000000 58.000000
1232 250.000000 56.000000
1233 250.000000 54.000000
1234 250.000000 52.000000
1235 250.000000 50.000000
1236 250.000000 48.000000
1237 250.000000 46.000000
1238 250.000000 44.000000
1239 250.000000 42.000000
1240 250.000000 40.000000
1241 250.000000 38.000000
1242 250.000000 36.000000
1243 250.000000 34.000000
1244 250.000000 32.000000
1245 250.000000 30.000000
1246 250.000000 28.000000
1247 250.000000 26.000000
1248 250.000000 24.000000
1249 250.000000 22.000000
1250 250.000000 20.000000
1251 250.000000 18.000000
1252 250.000000 16.000000
1253 250.000000 14.000000
1254 250.000000 12.000000
1255 250.000000 10.000000
1256 250.000000 8.000000
1257 250.000000 6.000000
1258 250.000000 4.000000
1259 250.000000 2.000000
1260 260.000000 98.000000
1261 260.000000 96.000000
1262 260.000000 94.000000
1263 260.000000 92.000000
1264 260.000000 90.000000
1265 260.000000 88.000000
1266 260.000000 86.000000
1267 260.000000 84.000000
1268 260.000000 82.000000
1269 260.000000 80.000000
1270 260.000000 78.000000
1271 260.000000 76.000000
1272 260.000000 74.000000
1273 260.000000 72.000000
1274 260.000000 70.000000
1275 260.000000 68.000000
1276 260.000000 66.000000
1277 260.000000 64.000000
1278 260.000000 62.000000
1279 260.000000 60.000000
1280 260.000000 58.000000
1281 260.000000 56.000000
1282 260.000000 54.000000
1283 260.000000 52.000000
1284 260.000000 50.000000
1285 260.000000 48.000000
1286 260.000000 46.000000
1287 260.000000 44.000000
1288 260.000000 42.000000
1289 260.000000 40.000000
1290 260.000000 38.000000
1291 260.000000 36.000000
1292 260.000000 34.000000
1293 260.000000 32.000000
1294 260.000000 30.000000
1295 260.000000 28.000000
1296 260.000000 26.000000
1297 260.000000 24.000000
1298 260.000000 22.000000
1299 260.000000 20.000000
1300 260.000000 18.000000
1301 260.000000 16.000000
1302 260.000000 14.000000
1303 260.000000 12.000000
1304 260.000000 10.000000
1305 260.000000 8.000000
1306 260.000000 6.000000
1307 260.000000 4.000000
1308 260.000000 2.000000
1309 270.000000 98.000000
1310 270.000000 96.000000
1311 270.000000 94.000000
1312 270.000000 92.000000
1313 270.000000 90.000000
1314 270.000000 88.000000
1315 270.000000 86.000000
1316 270.000000 84.000000
1317 270.000000 82.000000
1318 270.000000 80.000000
1319 270.000000 78.000000
1320 270.000000 76.000000
1321 270.000000 74.000000
1322 270.000000 72.000000
1323 270.000000 70.000000
1324 270.000000 68.000000
1325 270.000000 66.000000
1326 270.000000 64.000000
1327 270.000000 62.000000
1328 270.000000 60.000000
1329 270.000000 58.000000
1330 270.000000 56.000000
1331 270.000000 54.000000
1332 270.000000 52.000000
1333 270.000000 50.000000
1334 270.000000 48.000000
1335 270.000000 46.000000
1336 270.000000 44.000000
1337 270.000000 42.000000
1338 270.000000 40.000000
1339 270.000000 38.000000
1340 270.000000 36.000000
1341 270.000000 34.000000
1342 270.000000 32.000000
1343 270.000000 30.000000
1344 270.000000 28.000000
1345 270.000000 26.000000
1346 270.000000 24.000000
1347 270.000000 22.000000
1348 270.000000 20.000000
1349 270.000000 18.000000
1350 270.000000 16.000000
1351 270.000000 14.000000
1352 270.000000 12.000000
1353 270.000000 10.000000
1354 270.000000 8.000000
1355 270.000000 6.000000
1356 270.000000 4.000000
1357 270.000000 2.000000
1358 280.000000 98.000000
1359 280.000000 96.000000
1360 280.000000 94.000000
1361 280.000000 92.000000
1362 280.000000 90.000000
1363 280.000000 88.000000
1364 280.000000 86.000000
1365 280.000000 84.000000
1366 280.000000 82.000000
1367 280.000000 80.000000
1368 280.000000 78.000000
1369 280.000000 76.000000
1370 280.000000 74.000000
1371 280.000000 72.000000
1372 280.000000 70.000000
1373 280.000000 68.000000
1374 280.000000 66.000000
1375 280.000000 64.000000
1376 280.000000 62.000000
1377 280.000000 60.000000
1378 280.000000 58.000000
1379 280.000000 56.000000
1380 280.000000 54.000000
1381 280.000000 52.000000
1382 280.000000 50.000000
1383 280.000000 48.000000
1384 280.000000 46.000000
1385 280.000000 44.000000
1386 280.000000 42.000000
1387 280.000000 40.000000
1388 280.000000 38.000000
1389 280.000000 36.000000
1390 280.000000 34.000000
1391 280.000000 32.000000
1392 280.000000 30.000000
1393 280.000000 28.000000
1394 280.000000 26.000000
1395 280.000000 24.000000
1396 280.000000 22.000000
1397 280.000000 20.000000
1398 280.000000 18.000000
1399 280.000000 16.000000
1400 280.000000 14.000000
1401 280.000000 12.000000
1402 280.000000 10.000000
1403 280.000000 8.000000
1404 280.000000 6.000000
1405 280.000000 4.000000
1406 280.000000 2.000000
1407 290.000000 98.000000
1408 290.000000 96.000000
1409 290.000000 94.000000
1410 290.000000 92.000000
1411 290.000000 90.000000
1412 290.000000 88.000000
1413 290.000000 86.000000
1414 290.000000 84.000000
1415 290.000000 82.000000
1416 290.000000 80.000000
1417 290.000000 78.000000
1418 290.000000 76.000000
1419 290.000000 74.000000
1420 290.000000 72.000000
1421 290.000000 70.000000
1422 290.000000 68.000000
1423 290.000000 66.000000
1424 290.000000 64.000000
1425 290.000000 62.000000
1426 290.000000 60.000000
1427 290.000000 58.000000
1428 290.000000 56.000000
1429 290.000000 54.000000
1430 290.000000 52.000000
1431 290.000000 50.000000
1432 290.000000 48.000000
1433 290.000000 46.000000
1434 290.000000 44.000000
1435 290.000000 42.000000
1436 290.000000 40.000000
1437 290.000000 38.000000
1438 290.000000 36.000000
1439 290.000000 34.000000
1440 290.000000 32.000000
1441 290.000000 30.000000
1442 290.000000 28.000000
1443 290.000000 26.000000
1444 290.000000 24.000000
1445 290.000000 22.000000
1446 290.000000 20.000000
1447 290.000000 18.000000
1448 290.000000 16.000000
1449 290.000000 14.000000
1450 290.000000 12.000000
1451 290.000000 10.000000
1452 290.000000 8.000000
1453 290.000000 6.000000
1454 290.000000 4.000000
1455 290.000000 2.000000
1456 300.000000 98.000000
1457 300.000000 96.000000
1458 300.000000 94.000000
1459 300.000000 92.000000
1460 300.000000 90.000000
1461 300.000000 88.000000
1462 300.000000 86.000000
1463 300.000000 84.000000
1464 300.000000 82.000000
1465 300.000000 80.000000
1466 300.000000 78.000000
1467 300.000000 76.000000
1468 300.000000 74.000000
1469 300.000000 72.000000
1470 300.000000 70.000000
1471 300.000000 68.000000
1472 300.000000 66.000000
1473 300.000000 64.000000
1474 300.000000 62.000000
1475 300.000000 60.000000
1476 300.000000 58.000000
1477 300.000000 56.000000
1478 300.000000 54.000000
1479 300.000000 52.000000
1480 300.000000 50.000000
1481 300.000000 48.000000
1482 300.000000 46.000000
1483 300.000000 44.000000
1484 300.000000 42.000000
1485 300.000000 40.000000
1486 300.000000 38.000000
1487 300.000000 36.000000
1488 300.000000 34.000000
1489 300.000000 32.000000
1490 300.000000 30.000000
1491 300.000000 28.000000
1492 300.000000 26.000000
1493 300.000000 24.000000
1494 300.000000 22.000000
1495 300.000000 20.000000
1496 300.000000 18.000000
1497 300.000000 16.000000
1498 300.000000 14.000000
1499 300.000000 12.000000
1500 300.000000 10.000000
1501 300.000000 8.000000
1502 300.000000 6.000000
1503 300.000000 4.000000
1504 300.000000 2.000000
1505 310.000000 98.000000
1506 310.000000 96.000000
1507 310.000000 94.000000
1508 310.000000 92.000000
1509 310.000000 90.000000
1510 310.000000 88.000000
1511 310.000000 86.000000
1512 310.000000 84.000000
1513 310.000000 82.000000
1514 310.000000 80.000000
1515 310.000000 78.000000
1516 310.000000 76.000000
1517 310.000000 74.000000
1518 310.000000 72.000000
1519 310.000000 70.000000
1520 310.000000 68.000000
1521 310.000000 66.000000
1522 310.000000 64.000000
1523 310.000000 62.000000
1524 310.000000 60.000000
1525 310.000000 58.000000
1526 310.000000 56.000000
1527 310.000000 54.000000
1528 310.000000 52.000000
1529 310.000000 50.000000
1530 310.000000 48.000000
1531 310.000000 46.000000
1532 310.000000 44.000000
1533 310.000000 42.000000
1534 310.000000 40.000000
1535 310.000000 38.000000
1536 310.000000 36.000000
1537 310.000000 34.000000
1538 310.000000 32.000000
1539 310.000000 30.000000
1540 310.000000 28.000000
1541 310.000000 26.000000
1542 310.000000 24.000000
1543 310.000000 22.000000
1544 310.000000 20.000000
1545 310.000000 18.000000
1546 310.000000 16.000000
1547 310.000000 14.000000
1548 310.000000 12.000000
1549 310.000000 10.000000
1550 310.000000 8.000000
1551 310.000000 6.000000
1552 310.000000 4.000000
1553 310.000000 2.000000
1554 320.000000 98.000000
1555 320.000000 96.000000
1556 320.000000 94.000000
1557 320.000000 92.000000
1558 320.000000 90.000000
1559 320.000000 88.000000
1560 320.000000 86.000000
1561 320.000000 84.000000
1562 320.000000 82.000000
1563 320.000000 80.000000
1564 320.000000 78.000000
1565 320.000000 76.000000
1566 320.000000 74.000000
1567 320.000000 72.000000
1568 320.000000 70.000000
1569 320.000000 68.000000
1570 320.000000 66.000000
1571 320.000000 64.000000
1572 320.000000 62.000000
1573 320.000000 60.000000
1574 320.000000 58.000000
1575 320.000000 56.000000
1576 320.000000 54.000000
1577 320.000000 52.000000
1578 320.000000 50.000000
1579 320.000000 48.000000
1580 320.000000 46.000000
1581 320.000000 44.000000
1582 320.000000 42.000000
1583 320.000000 40.000000
1584 320.000000 38.000000
1585 320.000000 36.000000
1586 320.000000 34.000000
1587 320.000000 32.000000
1588 320.000000 30.000000
1589 320.000000 28.000000
1590 320.000000 26.000000
1591 320.000000 24.000000
1592 320.000000 22.000000
1593 320.000000 20.000000
1594 320.000000 18.000000
1595 320.000000 16.000000
1596 320.000000 14.000000
1597 320.000000 12.000000
1598 320.000000 10.000000
1599 320.000000 8.000000
1600 320.000000 6.000000
1601 320.000000 4.000000
1602 320.000000 2.000000
1603 330.000000 98.000000
1604 330.000000 96.000000
1605 330.000000 94.000000
1606 330.000000 92.000000
1607 330.000000 90.000000
1608 330.000000 88.000000
1609 330.000000 86.000000
1610 330.000000 84.000000
1611 330.000000 82.000000
1612 330.000000 80.000000
1613 330.000000 78.000000
1614 330.000000 76.000000
1615 330.000000 74.000000
1616 330.000000 72.000000
1617 330.000000 70.000000
1618 330.000000 68.000000
1619 330.000000 66.000000
1620 330.000000 64.000000
1621 330.000000 62.000000
1622 330.000000 60.000000
1623 330.000000 58.000000
1624 330.000000 56.000000
1625 330.000000 54.000000
1626 330.000000 52.000000
1627 330.000000 50.000000
1628 330.000000 48.000000
1629 330.000000 46.000000
1630 330.000000 44.000000
1631 330.000000 42.000000
1632 330.000000 40.000000
1633 330.000000 38.000000
1634 330.000000 36.000000
1635 330.000000 34.000000
1636 330.000000 32.000000
1637 330.000000 30.000000
1638 330.000000 28.000000
1639 330.000000 26.000000
1640 330.000000 24.000000
1641 330.000000 22.000000
1642 330.000000 20.000000
1643 330.000000 18.000000
1644 330.000000 16.000000
1645 330.000000 14.000000
1646 330.000000 12.000000
1647 330.000000 10.000000
1648 330.000000 8.000000
1649 330.000000 6.000000
1650 330.000000 4.000000
1651 330.000000 2.000000
1652 340.000000 98.000000
1653 340.000000 96.000000
1654 340.000000 94.000000
1655 340.000000 92.000000
1656 340.000000 90.000000
1657 340.000000 88.000000
1658 340.000000 86.000000
1659 340.000000 84.000000
1660 340.000000 82.000000
1661 340.000000 80.000000
1662 340.000000 78.000000
1663 340.000000 76.000000
1664 340.000000 74.000000
1665 340.000000 72.000000
1666 340.000000 70.000000
1667 340.000000 68.000000
1668 340.000000 66.000000
1669 340.000000 64.000000
1670 340.000000 62.000000
1671 340.000000 60.000000
1672 340.000000 58.000000
1673 340.000000 56.000000
1674 340.000000 54.000000
1675 340.000000 52.000000
1676 340.000000 50.000000
1677 340.000000 48.000000
1678 340.000000 46.000000
1679 340.000000 44.000000
1680 340.000000 42.000000
1681 340.000000 40.000000
1682 340.000000 38.000000
1683 340.000000 36.000000
1684 340.000000 34.000000
1685 340.000000 32.000000
1686 340.000000 30.000000
1687 340.000000 28.000000
1688 340.000000 26.000000
1689 340.000000 24.000000
1690 340.000000 22.000000
1691 340.000000 20.000000
1692 340.000000 18.000000
1693 340.000000 16.000000
1694 340.000000 14.000000
1695 340.000000 12.000000
1696 340.000000 10.000000
1697 340.000000 8.000000
1698 340.000000 6.000000
1699 340.000000 4.000000
1700 340.000000 2.000000
1701 196.025986 4.048659
1702 191.885498 4.029643
1703 187.775513 3.739080
1704 183.244415 3.737960
1705 179.442261 4.199964
1706 196.181198 8.050360
1707 191.446457 8.098398
1708 187.542419 8.136950
1709 183.560349 8.219937
1710 179.300140 8.246600
1711 195.847183 12.164280
1712 191.672272 12.299422
1713 187.415054 12.353128
1714 183.513412 12.361389
1715 179.280441 12.320931
1716 196.205017 16.299993
1717 191.326462 16.577461
1718 187.376984 16.940994
1719 183.536484 16.604225
1720 179.013672 16.794357
1721 196.210907 20.546726
1722 191.939178 20.856714
1723 187.361404 20.909527
1724 183.238907 20.769960
1725 178.620865 20.819159
1726 174.975845 21.413366
1727 171.353073 20.816641
1728 166.742950 20.675268
1729 162.537613 20.694103
1730 158.019791 20.762528
1731 153.795013 20.536697
1732 153.738220 16.354384
1733 158.206818 16.676153
1734 162.485916 16.839199
1735 166.749512 16.799387
1736 170.990402 16.820156
1737 196.117798 24.994644
1738 191.753479 24.821037
1739 187.109543 24.832171
1740 183.287354 24.640858
1741 179.165817 24.944204
1742 174.981247 24.988155
1743 170.726273 25.068796
1744 166.540222 24.654177
1745 162.617676 24.674685
1746 158.460876 25.019312
1747 153.883682 24.997641
1748 196.193314 29.488005
1749 191.886169 29.507887
1750 187.666122 28.990561
1751 183.362869 29.340727
1752 179.287506 28.962845
1753 175.019409 29.043875
1754 171.112183 29.173155
1755 166.593094 29.333401
1756 162.606018 29.270691
1757 158.348602 29.211956
1758 153.815659 29.462172
1759 196.257584 33.656918
1760 191.823959 33.456932
1761 187.618576 33.285671
1762 183.388947 33.415100
1763 178.725952 33.641838
1764 174.843292 33.231895
1765 171.033615 33.004635
1766 166.966385 33.265919
1767 162.594162 33.918804
1768 158.533417 33.132019
1769 153.858063 33.701687
1770 196.058136 37.465538
1771 191.737427 37.445831
1772 187.536209 37.094479
1773 183.289886 37.161488
1774 179.516190 37.564915
1775 174.856171 37.240829
1776 170.891068 37.132549
1777 166.450500 37.675713
1778 162.046371 37.741535
1779 158.134705 38.024151
1780 154.211197 37.853424
1781 195.795837 42.232765
1782 191.612167 41.615799
1783 187.597519 41.419693
1784 183.671112 42.022621
1785 178.953125 41.708771
1786 174.918655 41.536297
1787 170.971039 41.730457
1788 166.941711 41.474495
1789 162.353745 41.623764
1790 158.215500 41.805817
1791 153.798645 41.917385
1792 196.211304 46.067627
1793 191.974945 46.079590
1794 187.686401 45.773617
1795 183.396957 45.559711
1796 179.368011 45.633892
1797 174.968323 45.843296
1798 170.762314 45.494049
1799 166.861084 45.665863
1800 162.281830 45.544159
1801 158.466309 45.665707
1802 153.869949 45.740513
1803 196.123779 49.751694
1804 191.999756 50.233017
1805 187.644806 49.875328
1806 183.260727 50.479351
1807 179.048218 49.928734
1808 175.018250 50.001419
1809 170.961746 50.067852
1810 166.739746 49.520397
1811 162.355194 50.124672
1812 158.000244 49.766983
1813 153.876221 50.248306
1814 196.130051 54.259487
1815 191.533691 54.334293
1816 187.718903 54.455574
1817 183.169235 54.318676
1818 179.400223 54.452885
1819 175.274689 54.247215
1820 170.624008 54.373325
1821 166.601898 54.434353
1822 162.313599 54.226383
1823 158.025055 53.920410
1824 153.788696 53.932373
1825 196.201324 58.082638
1826 191.784439 58.194233
1827 187.647812 58.375458
1828 183.112457 58.467068
1829 179.432373 58.245567
1830 174.651794 58.409458
1831 170.916382 58.232639
1832 166.350891 57.930206
1833 162.422562 58.573536
1834 158.387833 58.384197
1835 154.204163 57.767235
1836 195.787750 62.146240
1837 191.860855 61.976292
1838 187.945038 62.259304
1839 183.584335 62.320316
1840 179.267120 62.516964
1841 174.670273 62.269836
1842 170.734543 62.070587
1843 167.008026 62.260250
1844 162.583588 62.933254
1845 158.264236 62.553993
1846 153.941849 62.534458
1847 196.141510 66.291321
1848 191.461975 66.827934
1849 187.379028 66.107407
1850 183.308960 66.660004
1851 179.584778 66.738068
1852 174.941910 66.764343
1853 170.586395 66.825996
1854 166.608292 66.968170
1855 162.386368 66.725861
1856 158.171844 66.533501
1857 153.742310 66.343033
1858 196.176544 70.500168
1859 191.802811 70.410072
1860 187.585709 71.139717
1861 183.527832 70.888222
1862 179.549423 70.778633
1863 174.566025 70.682632
1864 170.930389 70.675110
1865 166.416199 70.465218
1866 162.115784 70.650024
1867 158.113495 70.438156
1868 153.800613 70.505768
1869 196.106323 75.006782
1870 191.896378 74.975243
1871 187.938751 74.762978
1872 183.291534 75.198601
1873 179.237762 75.190552
1874 175.062714 74.744026
1875 170.238007 75.045136
1876 166.561996 74.669922
1877 161.951569 74.919540
1878 158.093704 74.995079
1879 153.889297 74.999908
1880 196.196640 79.494240
1881 191.882263 79.551529
1882 187.877365 79.325096
1883 183.607651 79.551231
1884 179.168198 79.605766
1885 175.194107 78.736664
1886 170.445755 79.203087
1887 166.604828 79.253532
1888 162.160294 79.346863
1889 158.132782 79.561302
1890 153.812683 79.500229
1891 196.261673 83.659927
1892 191.824051 83.458916
1893 187.596634 83.317085
1894 183.553864 83.154205
1895 179.377594 83.390305
1896 175.170380 82.787720
1897 170.713898 83.420074
1898 166.745529 83.512329
1899 162.300888 83.379692
1900 158.154633 83.496040
1901 153.759262 83.724441
1902 196.178482 87.536217
1903 191.680862 87.440018
1904 187.661713 87.194031
1905 183.329254 87.599747
1906 179.384094 87.288712
1907 175.335083 88.017014
1908 170.990753 87.579117
1909 166.806808 87.590569
1910 161.960083 87.508392
1911 158.187317 87.667748
1912 154.120789 87.835915
1913 195.728622 91.743866
1914 191.591660 92.003952
1915 187.588486 92.079254
1916 183.679184 91.480453
1917 179.432480 91.872788
1918 175.031128 91.958946
1919 170.507462 91.828911
1920 166.487793 91.576210
1921 162.277054 91.548775
1922 158.194885 91.799309
1923 153.799667 91.934219
1924 196.180420 96.142944
1925 191.843613 96.086784
1926 187.468582 95.998596
1927 183.710663 96.242363
1928 179.499390 96.189812
1929 175.000000 96.108597
1930 170.510635 96.177696
1931 166.357239 96.198029
1932 162.280548 95.777367
1933 158.126511 95.899734
1934 153.978180 95.930313
1935 153.855865 12.476028
1936 158.373032 12.980535
1937 162.677155 12.842086
1938 166.512589 12.630693
1939 170.697174 12.424262
1940 154.291626 8.194801
1941 158.076645 7.519931
1942 162.629318 8.051450
1943 166.902466 8.643447
1944 170.376938 8.242241
1945 153.665848 3.981171
1946 158.289230 3.715841
1947 162.167969 3.908072
1948 166.866165 3.591102
1949 170.576828 4.264617
1950 176.651627 22.021690
1951 173.299942 22.030174
1952 192.996521 1.823960
1953 188.958618 1.767651
1954 170.817047 2.129369
1955 166.829575 1.425548
1956 154.885910 1.921002
1957 158.902481 1.766369
1958 163.014893 1.919095
1959 181.480576 1.770092
1960 152.688217 1.878720
1961 156.996689 1.871503
1962 160.795120 2.085998
1963 165.117676 1.776001
1964 168.536972 1.755530
1965 183.197937 1.444263
1966 186.941284 1.741428
1967 195.051529 1.836140
1968 197.237625 1.879195
1969 184.904724 1.692038
1970 179.183182 2.112055
1971 190.977066 1.817969
1972 177.907639 5.195720
1973 198.203201 5.090224
1974 151.877380 49.040833
1975 151.794800 44.916473
1976 177.934692 18.556168
1977 198.211243 7.039937
1978 151.815857 54.960392
1979 151.774521 53.004044
1980 198.131927 11.055565
1981 198.140823 13.095444
1982 198.237152 17.143005
1983 198.274948 19.148857
1984 197.816635 22.900457
1985 198.346725 24.999294
1986 198.450974 29.088478
1987 151.658508 74.999390
1988 151.547073 70.909790
1989 198.250000 32.835720
1990 198.235886 34.813362
1991 151.732742 80.863701
1992 152.197083 77.109650
1993 198.046127 38.826485
1994 197.994614 40.978569
1995 198.184143 45.039608
1996 198.122620 50.959167
1997 198.205200 55.083527
1998 152.781174 98.116760
1999 151.797470 94.903732
2000 198.222580 57.056919
2001 157.041000 98.145393
2002 198.113510 61.055767
2003 198.110107 63.093060
2004 198.218307 67.140373
2005 198.262558 69.138626
2006 197.803207 72.892571
2007 198.341553 75.000656
2008 198.451447 79.090240
2009 179.092941 98.450905
2010 175.000717 98.340744
2011 172.892517 97.800369
2012 198.250687 82.836220
2013 198.244858 84.816505
2014 182.857819 98.246513
2015 198.168396 88.792419
2016 198.088623 90.847641
2017 198.168060 95.057213
2018 198.169098 97.250847
2019 194.951981 98.107437
2020 190.900970 98.037010
2021 186.804932 98.157044
2022 169.147964 98.262161
2023 165.168762 98.192619
2024 161.114273 98.103630
2025 151.784622 92.954437
2026 198.225479 46.995956
2027 151.861053 88.944214
2028 151.849182 86.905250
2029 151.755539 82.865303
2030 151.749786 67.164200
2031 151.764069 65.186615
2032 151.953873 61.173515
2033 152.005386 59.021427
2034 151.777405 42.943085
2035 151.886276 38.944206
2036 151.889481 36.906872
2037 151.781113 32.857025
2038 151.735443 30.852871
2039 152.190781 27.098343
2040 151.655167 24.999519
2041 151.546860 20.917711
2042 172.131927 5.195144
2043 151.749359 17.167362
2044 151.754929 15.188428
2045 151.841965 11.206887
2046 151.920166 9.141538
2047 151.770355 5.074117
2048 151.624878 3.386802
2049 172.083069 11.225635
2050 172.230545 15.263803
2051 177.766724 15.245512
2052 198.293365 3.403615
2053 198.190262 9.031026
2054 198.206604 15.127501
2055 198.460495 20.919208
2056 197.806885 27.104792
2057 198.274857 30.853113
2058 198.178268 36.787331
2059 198.094009 43.063309
2060 198.204132 48.938847
2061 198.122238 53.051750
2062 198.188995 59.040649
2063 198.174850 65.125252
2064 198.448456 70.906273
2065 197.806488 77.110489
2066 198.275604 80.854530
2067 198.223953 86.795998
2068 198.093567 92.943535
2069 196.660294 98.300247
2070 192.936127 98.059746
2071 188.825302 98.039665
2072 184.841476 98.225067
2073 180.863190 98.273659
2074 177.109665 97.805946
2075 170.910217 98.448044
2076 167.162003 98.231377
2077 163.148956 98.115379
2078 159.074905 98.124908
2079 154.975525 98.146011
2080 151.711365 96.590157
2081 151.803818 90.965355
2082 151.781616 84.878654
2083 151.548508 79.094719
2084 152.190964 72.890861
2085 151.723694 69.145515
2086 151.821716 63.212666
2087 151.905991 56.936691
2088 151.795868 51.061153
2089 151.877762 46.948250
2090 151.810959 40.959362
2091 151.824768 34.873093
2092 151.548370 29.082678
2093 152.189255 22.899761
2094 151.722763 19.153204
2095 151.783310 13.208282
2096 151.896500 7.071806
2097 172.205154 3.517826
2098 172.080307 7.147013
2099 172.063889 18.559101
2100 177.890945 11.168713
2101 177.902298 7.153366
2102 177.806610 3.501548
2103 170.447205 6.218310
2104 179.842789 6.303447
2105 170.120560 10.486368
2106 179.819351 10.264893
2107 169.115982 3.381552
2108 185.715210 3.188217
2109 180.889694 3.318053
2110 174.974075 23.067047
2111 177.902130 9.138928
2112 196.635284 10.050573
2113 196.787445 31.702709
2114 196.612427 44.152256
2115 196.621429 60.056168
2116 196.789215 81.704941
2117 196.592819 94.004120
2118 153.345428 89.944344
2119 153.210922 68.295723
2120 153.378296 39.943779
2121 153.209030 18.310682
2122 153.359680 6.033093
2123 172.026810 9.183543
2124 172.124252 13.245318
2125 172.556961 16.928612
2126 177.443008 16.919207
2127 177.864288 13.204042
2128 153.221069 81.730041
2129 153.387573 55.847744
2130 179.752090 14.439430
2131 170.239990 14.545200
2132 179.996872 18.725605
2133 170.016525 18.737625
2134 173.118744 24.014313
2135 194.998337 31.680668
2136 154.998047 18.368048
2137 195.000015 81.684586
2138 154.999588 68.315712
2139 155.008209 81.713242
2140 185.690186 4.988924
2141 181.139771 8.265701
2142 155.121414 90.017395
2143 194.833725 9.965633
2144 155.154907 40.035988
2145 194.844757 59.964043
2146 181.114777 12.359924
2147 168.886505 12.579867
2148 176.827332 23.975620
2149 181.111420 16.634068
2150 168.943756 16.730488
2151 181.069305 20.739330
2152 168.917725 20.715946
2153 194.819839 44.366325
2154 155.180161 55.633675
2155 155.143524 5.841155
2156 194.803528 94.112724
2157 168.713669 7.260879
2158 176.899872 25.967962
2159 193.958755 33.539925
2160 156.046707 16.535235
2161 193.958862 83.543205
2162 156.046860 83.594162
2163 156.039886 66.456917
2164 187.626099 6.019642
2165 182.158585 6.231251
2166 156.089203 91.871208
2167 193.822510 8.076337
2168 156.104340 41.878628
2169 193.895569 58.121410
2170 182.204956 10.289647
2171 167.899323 10.666777
2172 178.277023 22.894930
2173 182.175995 14.477922
2174 167.825775 14.700275
2175 182.215881 18.731321
2176 167.845230 18.738071
2177 180.102112 22.704489
2178 169.828369 22.723141
2179 194.000793 46.171196
2180 155.999207 53.828804
2181 156.026611 3.840436
2182 193.913956 96.107689
2183 173.082581 26.043953
2184 168.777313 5.155982
2185 168.802582 9.059942
2186 181.115540 4.758135
2187 171.665283 22.930613
2188 175.008743 27.012173
2189 192.902191 31.636297
2190 194.955521 35.470562
2191 157.098068 18.505022
2192 155.044724 14.551173
2193 194.977280 85.502586
2194 155.091248 85.562378
2195 155.044235 64.528900
2196 157.093857 68.345268
2197 192.904495 81.651108
2198 157.099121 81.672378
2199 185.689468 7.108469
2200 189.601105 5.037926
2201 157.168900 89.959396
2202 155.066071 93.763222
2203 192.741318 10.012654
2204 194.909775 6.192219
2205 157.175140 40.045834
2206 192.823914 59.954353
2207 194.938431 56.220940
2208 155.061554 43.779072
2209 167.711334 22.591147
2210 182.203156 22.617790
2211 154.971497 52.124641
2212 195.028503 47.875359
2213 193.059479 44.685196
2214 156.940521 55.314804
2215 166.931717 6.196686
2216 165.686371 18.755094
2217 157.172836 5.675262
2218 192.754044 94.159203
2219 191.203186 43.899696
2220 158.796814 56.100304
2221 159.195740 39.973595
2222 190.803040 60.026524
2223 190.905945 10.168083
2224 159.207214 89.866981
2225 164.992218 7.219998
2226 156.287567 7.259250
2227 193.649506 92.535438
2228 159.200043 5.781375
2229 190.711685 94.157425
2230 159.169373 68.408470
2231 190.827179 81.585007
2232 159.163574 81.607079
2233 159.250473 18.700388
2234 190.813263 31.537512
2235 185.651794 9.202164
2236 165.632568 22.547361
2237 184.255493 22.631412
2238 176.940262 28.003372
2239 196.737076 35.638740
2240 192.846176 35.402733
2241 193.964584 30.106195
2242 155.999786 20.002544
2243 157.198380 14.733357
2244 153.235413 14.355659
2245 196.777252 85.662247
2246 153.262833 64.361137
2247 157.152893 64.594559
2248 192.839767 85.419960
2249 157.140152 85.445999
2250 156.041367 80.137276
2251 156.029053 69.872871
2252 193.968277 80.124329
2253 184.068604 6.057308
2254 189.839554 3.278454
2255 189.434525 7.088053
2256 157.128647 93.695122
2257 156.149551 88.496895
2258 192.834564 6.200640
2259 193.773392 11.487349
2260 156.205597 38.608955
2261 193.792328 61.390999
2262 192.786072 56.290367
2263 157.213898 43.709648
2264 196.706284 6.084280
2265 153.260468 43.859306
2266 153.241364 52.074104
2267 196.758636 47.925896
2268 196.739517 56.140701
2269 153.285202 93.897186
2270 168.619186 24.224030
2271 181.242661 24.171549
2272 193.371048 42.880337
2273 156.628952 57.119663
2274 156.998062 52.061634
2275 193.001938 47.938366
2276 173.147720 28.080620
2277 164.624893 20.672619
2278 164.609879 16.841438
2279 189.888641 45.873623
2280 160.111359 54.126377
2281 160.268829 41.713047
2282 189.731094 58.286846
2283 160.233414 91.684647
2284 193.748932 40.497704
2285 156.251068 59.502296
2286 164.679520 9.431626
2287 160.214630 4.054593
2288 189.741486 96.072746
2289 160.271515 66.602936
2290 160.209534 83.432678
2291 189.721848 83.399529
2292 160.357086 16.783590
2293 189.718719 33.371666
2294 187.475113 10.231321
2295 185.304199 20.830873
2296 178.459198 26.966421
2297 193.883469 37.193218
2298 156.229248 12.757445
2299 156.137802 87.001785
2300 156.116608 62.806210
2301 193.910904 87.329926
2302 191.040436 6.090932
2303 155.893204 50.610416
2304 194.106796 49.389584
2305 171.556519 27.162514
2306 165.641632 14.885397
2307 163.563568 18.760269
2308 173.149704 30.096941
2309 156.014908 21.826902
2310 193.886337 28.239994
2311 156.100357 71.730400
2312 193.891815 78.266388
2313 168.322495 26.047485
2314 181.431747 25.941702
2315 176.953125 30.124537
2316 189.353668 9.165832
2317 163.594955 22.557461
2318 156.119522 78.274155
2319 190.717606 35.346607
2320 159.338425 14.854912
2321 159.181427 85.358124
2322 159.283463 64.646935
2323 190.707047 85.335983
2324 193.846527 54.427227
2325 156.153458 45.572777
2326 193.921844 4.750219
2327 156.070435 95.194397
2328 189.352463 11.275885
2329 155.633865 48.859852
2330 194.366135 51.140148
2331 194.796616 89.286285
2332 155.428284 61.279785
2333 155.355042 10.658344
2334 194.571732 38.720100
2335 161.545013 22.604858
2336 190.912842 47.875740
2337 159.087158 52.124260
2338 161.203110 56.151939
2339 188.800247 43.846931
2340 159.305695 43.559731
2341 190.694275 56.440262
2342 161.227386 39.860008
2343 188.770905 60.140003
2344 159.194977 93.615028
2345 161.187363 89.744827
2346 159.550369 2.905700
2347 166.115051 10.587361
2348 161.308121 5.878365
2349 188.680084 94.141014
2350 161.230804 81.526886
2351 161.239807 68.504188
2352 188.754196 81.496452
2353 161.435303 18.750076
2354 188.705200 31.400139
2355 185.606934 11.300187
2356 184.342239 18.894297
2357 186.265198 22.700893
2358 163.578171 14.945942
2359 179.968979 26.957901
2360 174.969177 31.149280
2361 166.419907 27.008637
2362 183.355072 26.965414
2363 164.590942 24.082497
2364 191.738968 39.585770
2365 158.261673 60.414242
2366 169.744507 27.442843
2367 160.144257 86.827049
2368 160.449463 62.854878
2369 189.599838 87.061478
2370 160.452164 13.068201
2371 189.574997 37.148659
2372 158.086685 72.801056
2373 191.901184 77.174499
2374 158.109421 77.190025
2375 157.623611 22.853073
2376 191.946457 27.154408
2377 178.720703 31.332037
2378 188.616547 35.234520
2379 161.481491 14.888988
2380 161.426422 64.780731
2381 161.178864 85.311890
2382 188.596924 85.268532
2383 154.433167 77.194534
2384 154.422653 72.808647
2385 195.570419 77.194351
2386 154.403351 22.839521
2387 195.565979 27.173828
2388 162.792984 10.529735
2389 171.645859 31.091511
2390 164.598175 13.373676
2391 181.456329 27.978655
2392 167.977570 27.837398
2393 153.733917 47.991440
2394 196.266083 52.008560
2395 196.592148 89.641281
2396 153.964111 60.213119
2397 153.452927 10.335520
2398 196.035904 39.786861
2399 160.379471 20.705328
2400 161.252960 52.262104
2401 188.747040 47.737896
2402 160.116608 38.445770
2403 189.877701 61.555397
2404 161.334000 43.488533
2405 188.666626 56.511166
2406 161.253906 93.511520
2407 160.160477 7.741044
2408 189.609558 92.557991
2409 160.159546 80.045395
2410 184.107483 10.274665
2411 186.363922 19.004295
2412 185.184067 25.907406
2413 189.932175 40.446667
2414 160.073853 59.552589
2415 168.861191 29.342298
2416 159.702835 61.273918
2417 190.217072 88.620689
2418 159.565186 11.309154
2419 190.306381 38.727013
2420 160.108307 78.201004
2421 160.060349 71.784325
2422 189.926971 78.175621
2423 156.129532 76.095001
2424 156.120361 73.905014
2425 193.867661 76.092537
2426 156.087250 23.931999
2427 193.862625 26.049069
2428 190.029312 28.070320
2429 180.320557 30.747202
2430 176.789368 32.316677
2431 160.879349 9.762555
2432 173.106430 32.124859
2433 163.387772 56.173966
2434 186.616394 43.823276
2435 163.361435 39.695507
2436 186.652100 60.307598
2437 163.245651 89.543465
2438 164.562881 25.947514
2439 163.303177 85.415535
2440 163.439011 81.400230
2441 163.356674 68.643036
2442 186.651413 81.364029
2443 186.569519 31.364569
2444 188.361069 22.817739
2445 185.568909 13.428470
2446 193.136108 38.688522
2447 157.519806 11.034271
2448 193.061996 88.872559
2449 156.864365 61.311306
2450 181.729019 96.778770
2451 168.300873 96.759735
2452 153.258743 31.706013
2453 196.770050 18.302948
2454 196.740112 68.277801
2455 160.570007 24.216442
2456 161.476364 61.036041
2457 188.570557 38.966431
2458 156.728958 9.016941
2459 193.396729 90.681870
2460 181.728806 94.963898
2461 168.334198 94.953163
2462 155.101089 31.636677
2463 194.941864 18.374390
2464 194.903320 68.311676
2465 188.417587 19.019505
2466 159.992020 36.669243
2467 189.991180 63.331531
2468 159.433136 22.693590
2469 160.202271 50.612560
2470 189.797729 49.387440
2471 185.220337 24.142548
2472 185.426056 17.398209
2473 185.308197 27.979198
2474 189.829056 42.245758
2475 160.176834 57.752514
2476 169.918991 31.079355
2477 160.139755 69.957031
2478 189.853592 80.026741
2479 160.020706 73.908546
2480 189.956131 75.994217
2481 160.053085 76.040100
2482 189.820007 29.901283
2483 190.338181 26.273052
2484 185.506180 45.677517
2485 164.494461 54.320309
2486 164.561325 41.568932
2487 185.465347 58.424019
2488 164.296936 91.430206
2489 162.631760 27.053431
2490 164.523804 66.853783
2491 164.540085 83.410515
2492 185.526794 83.172676
2493 185.500763 33.307682
2494 189.522842 20.892954
2495 187.403442 14.549463
2496 163.303528 93.348366
2497 163.460815 43.527592
2498 186.546631 56.470043
2499 160.700668 26.043861
2500 163.530731 52.338177
2501 186.469376 47.661461
2502 193.947815 23.903469
2503 156.106140 26.062815
2504 193.850479 73.903366
2505 164.550125 28.163904
2506 167.904816 31.173523
2507 180.194885 32.230999
2508 188.811798 88.554489
2509 160.137253 88.322998
2510 161.273361 11.502346
2511 164.562576 11.565863
2512 164.372238 87.508285
2513 155.286392 47.119083
2514 194.713608 52.880917
2515 173.032394 34.156204
2516 185.464020 29.822292
2517 185.597961 79.578178
2518 164.411133 70.417427
2519 164.549057 79.475532
2520 189.439560 24.700224
2521 164.382492 37.844505
2522 185.628403 62.160561
2523 185.511612 42.338574
2524 164.506683 57.640819
2525 160.689835 28.171341
2526 182.024002 31.541086
2527 157.062607 47.442585
2528 192.937393 52.557415
2529 189.496429 90.421921
2530 181.153610 33.950764
2531 187.096252 89.478012
2532 189.989685 73.875519
2533 158.821732 9.397316
2534 183.641296 93.889381
2535 166.546280 93.892090
2536 156.313202 33.494820
2537 193.796082 16.472548
2538 193.687378 66.470146
2539 157.833313 35.502739
2540 192.156494 64.485947
2541 186.763824 26.865492
2542 161.876923 72.895813
2543 188.086884 77.013809
2544 165.597168 39.608845
2545 184.477142 60.385635
2546 165.397675 89.546822
2547 163.606323 64.922516
2548 186.284317 85.298332
2549 165.944046 81.347305
2550 186.538895 35.190128
2551 189.327316 13.428343
2552 185.556610 15.564977
2553 164.507812 30.350859
2554 191.574127 89.673500
2555 165.576080 85.472824
2556 184.385025 31.465242
2557 163.712570 72.192718
2558 186.264664 77.777748
2559 163.711761 77.853279
2560 184.575424 81.362900
2561 165.480255 68.676262
2562 190.567551 22.825060
2563 160.330612 48.782291
2564 189.669388 51.217709
2565 163.495300 36.040016
2566 186.486603 63.974030
2567 184.529297 43.868259
2568 165.477615 56.115757
2569 174.750504 35.243580
2570 163.655563 61.031078
2571 186.493164 38.959141
2572 159.173706 27.113354
2573 160.648560 30.321590
2574 181.290253 29.714104
2575 179.731888 35.452057
2576 188.557755 26.621969
2577 185.602707 87.514587
2578 191.869232 72.782814
2579 185.498749 94.959236
2580 164.645935 94.807800
2581 181.674088 92.791779
2582 168.390701 92.812721
2583 157.250000 31.464380
2584 155.331299 35.568504
2585 192.744110 18.540565
2586 194.832764 14.453307
2587 194.666107 64.422417
2588 192.783630 68.413750
2589 193.652710 62.884380
2590 156.343216 37.111553
2591 184.070282 14.487397
2592 184.634216 78.170837
2593 165.352371 71.815559
2594 162.052979 77.015572
2595 161.662323 35.787064
2596 188.315704 64.220871
2597 186.533707 76.089600
2598 176.547623 34.417969
2599 173.006683 36.198288
2600 164.997330 63.059978
2601 185.498047 37.046429
2602 163.395248 73.843163
2603 165.695114 43.536339
2604 184.339844 56.440220
2605 189.278671 15.570490
2606 184.214752 47.412617
2607 165.785049 52.585533
2608 165.718262 65.184616
2609 184.515778 84.577850
2610 184.489639 35.214554
2611 165.513062 77.693527
2612 165.250809 36.369255
2613 184.709122 63.664249
2614 185.136139 40.529614
2615 164.945786 59.408428
2616 189.781082 65.416298
2617 160.201263 34.578968
2618 171.445770 35.070427
2619 169.017776 32.676777
2620 167.750519 85.411614
2621 192.437210 22.851147
2622 190.553925 18.885193
2623 182.456818 43.756012
2624 167.541733 56.212711
2625 195.555374 72.806465
2626 154.419861 27.156643
2627 195.614227 22.838951
2628 182.525070 81.381851
2629 167.560852 68.730980
2630 162.593872 31.472238
2631 165.054123 50.431320
2632 184.945923 49.568233
2633 185.506973 74.386887
2634 164.975571 34.627212
2635 185.011993 65.402084
2636 164.337112 75.720680
2637 184.846909 76.510681
2638 165.079803 73.461563
2639 166.911133 35.672089
2640 182.881638 64.445106
2641 182.838501 77.460465
2642 167.104431 72.543373
2643 167.441788 77.583839
2644 190.864792 14.487486
2645 184.491745 86.042755
2646 182.748459 85.235641
2647 189.414307 67.538765
2648 160.606827 32.458076
2649 181.426636 90.640572
2650 168.571472 90.717415
2651 193.901321 69.873016
2652 156.123672 29.987486
2653 190.988190 68.572609
2654 159.077484 31.317604
2655 181.318253 36.230804
2656 184.730759 89.455772
2657 189.864975 71.801788
2658 180.111084 93.932526
2659 169.901962 93.921928
2660 185.518753 92.917137
2661 164.320297 96.618240
2662 193.962814 20.033569
2663 192.710800 14.547496
2664 189.390732 17.398729
2665 164.553589 45.403458
2666 185.459015 54.589527
2667 167.817688 43.544304
2668 182.285263 56.365032
2669 182.887558 39.724949
2670 167.228043 60.087116
2671 193.859299 71.712654
2672 156.080414 28.166895
2673 194.018692 21.838428
2674 164.622711 32.496315
2675 164.048981 48.548862
2676 185.951385 51.450970
2677 165.056091 93.010933
2678 169.260590 34.865196
2679 181.358978 45.455193
2680 168.633179 54.530987
2681 168.789215 83.638496
2682 168.596664 67.019821
2683 181.507706 83.306068
2684 176.232529 36.166779
2685 181.507599 79.492699
2686 168.525772 70.625664
2687 181.461716 41.787563
2688 168.543106 58.122593
2689 168.816483 86.927574
2690 157.633957 27.114866
2691 189.513153 69.682877
2692 177.967590 35.881844
2693 177.014801 38.030781
2694 182.728073 35.194542
2695 186.987457 73.053268
2696 181.504517 62.506962
2697 168.509659 37.243648
2698 168.492630 79.086883
2699 167.198349 89.627136
2700 182.900864 89.549522
2701 185.722687 91.082123
2702 186.950928 94.019051
2703 193.767288 12.990371
2704 168.875565 41.911572
2705 181.327423 57.711380
2706 185.345505 67.562470
2707 166.118973 31.324003
2708 162.185760 47.775173
2709 187.814529 52.224720
2710 182.153229 47.133408
2711 167.844574 52.861507
2712 168.021835 81.970078
2713 167.669281 65.377831
2714 180.421402 81.481598
2715 169.654266 68.729752
2716 180.297455 43.724960
2717 169.668655 56.254730
2718 169.831650 85.342651
2719 171.754303 93.865814
2720 165.644424 48.737896
2721 184.356369 51.261822
2722 163.678436 46.900158
2723 186.324677 53.098263
2724 167.019516 47.889927
2725 182.991089 52.105400
2726 168.753693 88.698601
2727 174.963547 39.356861
2728 185.428314 72.056419
2729 180.462021 64.472458
2730 167.847122 39.406818
2731 182.406952 60.578072
2732 169.427536 77.356926
2733 181.329468 88.569153
2734 169.784073 43.562859
2735 180.435318 56.320026
2736 183.484741 68.752068
2737 169.626801 82.197189
2738 180.440521 46.897892
2739 169.556030 53.098423
2740 169.393356 65.503830
2741 180.469376 77.523247
2742 169.460022 72.664375
2743 180.484406 39.732086
2744 169.572128 60.064899
2745 187.450165 68.643356
2746 160.408417 46.738270
2747 189.591751 53.261669
2748 172.866043 91.905319
2749 181.296951 54.910198
2750 168.811996 45.032280
2751 172.815765 95.560226
2752 166.390381 76.301827
2753 178.235443 93.897064
2754 168.802734 63.630325
2755 180.718155 48.557812
2756 169.282944 51.439117
2757 171.291489 64.616371
2758 178.614746 47.717510
2759 171.400299 52.290581
2760 171.256668 81.236214
2761 181.316513 50.747765
2762 168.694107 49.247749
2763 176.859421 40.462120
2764 172.992798 38.320114
2765 183.485886 73.065254
2766 181.570511 66.019470
2767 169.588806 38.719406
2768 180.366028 60.575554
2769 168.061829 75.850937
2770 160.359253 44.999279
2771 189.641052 55.000591
2772 181.619019 67.785362
2773 185.470383 69.840378
2774 168.285812 40.783688
2775 181.329056 59.115528
2776 178.545563 77.584473
2777 171.658752 72.946754
2778 173.923798 93.878304
2779 171.949921 89.914955
2780 181.473785 75.871063
2781 168.285263 74.154747
2782 179.513596 89.586021
2783 178.565582 39.499733
2784 171.348419 60.191864
2785 181.233292 53.110397
2786 168.824341 46.865727
2787 188.473312 72.926651
2788 181.499252 38.082848
2789 168.669098 61.622639
2790 177.144669 92.030922
2791 177.184021 95.574463
2792 171.157440 39.460732
2793 181.522598 74.016953
2794 178.183578 60.431858
2795 165.301010 47.191029
2796 184.708633 52.804108
2797 166.839127 63.902599
2798 182.768219 48.983196
2799 167.233429 51.014271
2800 172.729736 66.646217
2801 177.295212 45.893223
2802 172.787735 54.222641
2803 172.769638 82.964058
2804 173.000275 40.504963
2805 181.654541 69.805779
2806 172.736389 71.429031
2807 177.175812 78.961533
2808 170.154663 89.747795
2809 174.080856 90.060684
2810 172.770081 59.339603
2811 177.964096 90.475716
2812 179.265610 52.101891
2813 170.792542 47.879768
2814 176.086517 93.908051
2815 158.853638 47.679169
2816 191.146393 52.320820
2817 184.660950 38.684322
2818 165.566956 61.169369
2819 172.734406 61.201382
2820 176.188080 90.211204
2821 180.127686 68.763840
2822 181.626328 71.908684
2823 173.023605 42.611240
2824 174.046387 64.641808
2825 171.732193 68.553314
2826 171.773636 56.139076
2827 178.172791 43.994019
2828 176.240372 47.771648
2829 173.835693 52.265450
2830 171.930664 85.064606
2831 173.710724 80.634964
2832 176.629318 76.639069
2833 173.794754 72.912056
2834 177.524689 80.550941
2835 173.165237 88.416641
2836 172.762863 46.762425
2837 177.390366 53.225014
2838 177.002533 62.346275
2839 169.454300 40.335445
2840 176.997437 58.497997
2841 173.775009 68.541763
2842 176.397644 44.391815
2843 173.877533 56.200138
2844 177.233749 49.311226
2845 172.798553 50.696514
2846 173.817139 84.539299
2847 172.139481 79.417549
2848 172.748001 69.976372
2849 172.971542 44.657917
2850 177.450394 55.279365
2851 177.281021 51.122006
2852 172.778610 48.874821
2853 172.797882 57.664185
2854 177.916473 64.581238
2855 173.497375 86.497559
2856 177.752380 56.966457
2857 175.945999 60.381950
2858 178.232224 68.737617
2859 174.832474 43.610561
2860 175.942215 80.586418
2861 174.154510 60.320446
2862 171.809845 77.358452
2863 176.872330 81.809425
2864 175.949738 68.701019
2865 176.000702 56.600105
2866 175.788528 85.347656
2867 169.254105 80.689308
2868 175.760010 52.172222
2869 174.353683 47.850723
2870 171.502518 43.611305
2871 178.894135 56.252861
2872 175.929489 63.834557
2873 177.062943 70.720223
2874 177.106155 66.809319
2875 175.988083 65.326256
2876 178.136475 72.776398
2877 175.939041 72.704208
2878 177.310791 83.384567
2879 167.663483 80.469421
2880 177.258804 86.927345
2881 177.001068 74.410850
2882 178.445831 81.703766
2883 180.014511 72.934242
2884 178.257309 85.257546
2885 172.790344 74.978790
2886 174.153580 76.848167
2887 177.607300 88.751000
2888 180.452240 85.210075
2889 173.401550 78.599159
2890 164.322662 3.698550
2891 185.664871 96.716461
2892 153.320419 85.781326
2893 153.422958 35.780716
2894 196.646484 14.228105
2895 196.576065 64.215660
2896 172.695419 62.959999
2897 193.976273 3.297724
2898 156.038330 96.663170
2899 163.456131 5.675342
2900 165.313782 5.276335
2901 181.448700 86.780663
2902 160.162216 96.598595
2903 176.689011 42.617264
2904 160.203629 95.080452
